iCap,,
0,,
Ntab,,
100,,
theta,h,K
4.00E-01,-1.00E-06,1.00E+00
4.00E-01,-1.20E-06,1.00E+00
4.00E-01,-1.45E-06,1.00E+00
4.00E-01,-1.75E-06,1.00E+00
4.00E-01,-2.10E-06,1.00E+00
4.00E-01,-2.54E-06,1.00E+00
4.00E-01,-3.05E-06,1.00E+00
4.00E-01,-3.68E-06,1.00E+00
4.00E-01,-4.43E-06,1.00E+00
4.00E-01,-5.34E-06,1.00E+00
4.00E-01,-6.43E-06,1.00E+00
4.00E-01,-7.74E-06,1.00E+00
4.00E-01,-9.33E-06,1.00E+00
4.00E-01,-1.12E-05,1.00E+00
4.00E-01,-1.35E-05,1.00E+00
4.00E-01,-1.63E-05,1.00E+00
4.00E-01,-1.96E-05,1.00E+00
4.00E-01,-2.36E-05,1.00E+00
4.00E-01,-2.85E-05,1.00E+00
4.00E-01,-3.43E-05,1.00E+00
4.00E-01,-4.13E-05,1.00E+00
4.00E-01,-4.98E-05,1.00E+00
4.00E-01,-5.99E-05,1.00E+00
4.00E-01,-7.22E-05,1.00E+00
4.00E-01,-8.70E-05,1.00E+00
4.00E-01,-1.05E-04,1.00E+00
4.00E-01,-1.26E-04,1.00E+00
4.00E-01,-1.52E-04,1.00E+00
4.00E-01,-1.83E-04,1.00E+00
4.00E-01,-2.21E-04,1.00E+00
4.00E-01,-2.66E-04,1.00E+00
4.00E-01,-3.20E-04,1.00E+00
4.00E-01,-3.85E-04,1.00E+00
4.00E-01,-4.64E-04,1.00E+00
4.00E-01,-5.59E-04,9.99E-01
4.00E-01,-6.73E-04,9.99E-01
4.00E-01,-8.11E-04,9.99E-01
4.00E-01,-9.77E-04,9.99E-01
4.00E-01,-1.18E-03,9.99E-01
4.00E-01,-1.42E-03,9.99E-01
3.99E-01,-1.71E-03,9.98E-01
3.99E-01,-2.06E-03,9.98E-01
3.99E-01,-2.48E-03,9.98E-01
3.99E-01,-2.98E-03,9.97E-01
3.99E-01,-3.59E-03,9.96E-01
3.99E-01,-4.33E-03,9.96E-01
3.98E-01,-5.21E-03,9.95E-01
3.98E-01,-6.28E-03,9.94E-01
3.97E-01,-7.56E-03,9.92E-01
3.97E-01,-9.11E-03,9.91E-01
3.96E-01,-1.10E-02,9.89E-01
3.96E-01,-1.32E-02,9.87E-01
3.95E-01,-1.59E-02,9.84E-01
3.94E-01,-1.92E-02,9.81E-01
3.92E-01,-2.31E-02,9.77E-01
3.91E-01,-2.78E-02,9.73E-01
3.89E-01,-3.35E-02,9.67E-01
3.87E-01,-4.04E-02,9.60E-01
3.84E-01,-4.86E-02,9.53E-01
3.81E-01,-5.86E-02,9.43E-01
3.77E-01,-7.05E-02,9.32E-01
3.72E-01,-8.50E-02,9.19E-01
3.67E-01,-1.02E-01,9.03E-01
3.61E-01,-1.23E-01,8.84E-01
3.53E-01,-1.48E-01,8.62E-01
3.44E-01,-1.79E-01,8.36E-01
3.34E-01,-2.15E-01,8.06E-01
3.22E-01,-2.60E-01,7.71E-01
3.09E-01,-3.13E-01,7.32E-01
2.93E-01,-3.76E-01,6.86E-01
2.76E-01,-4.53E-01,6.35E-01
2.57E-01,-5.46E-01,5.79E-01
2.36E-01,-6.58E-01,5.18E-01
2.14E-01,-7.92E-01,4.53E-01
1.91E-01,-9.55E-01,3.85E-01
1.68E-01,-1.15E+00,3.17E-01
1.45E-01,-1.38E+00,2.50E-01
1.24E-01,-1.67E+00,1.89E-01
1.06E-01,-2.01E+00,1.34E-01
9.02E-02,-2.42E+00,8.89E-02
7.84E-02,-2.92E+00,5.42E-02
7.02E-02,-3.51E+00,2.99E-02
6.50E-02,-4.23E+00,1.46E-02
6.21E-02,-5.09E+00,6.13E-03
6.07E-02,-6.14E+00,2.16E-03
6.02E-02,-7.39E+00,6.17E-04
6.00E-02,-8.90E+00,1.36E-04
6.00E-02,-1.07E+01,2.20E-05
6.00E-02,-1.29E+01,2.46E-06
6.00E-02,-1.56E+01,1.75E-07
6.00E-02,-1.87E+01,7.28E-09
6.00E-02,-2.26E+01,1.58E-10
6.00E-02,-2.72E+01,1.56E-12
6.00E-02,-3.27E+01,6.01E-15
6.00E-02,-3.94E+01,7.42E-18
6.00E-02,-4.75E+01,2.33E-21
6.00E-02,-5.72E+01,1.41E-25
6.00E-02,-6.89E+01,1.16E-30
6.00E-02,-8.30E+01,8.79E-37
6.00E-02,-1.00E+02,3.72E-44
Ntab,,
1.00E+02,,
theta,h,K
4.00E-01,-1.00E-06,1.00E+01
4.00E-01,-1.20E-06,1.00E+01
4.00E-01,-1.45E-06,1.00E+01
4.00E-01,-1.75E-06,1.00E+01
4.00E-01,-2.10E-06,1.00E+01
4.00E-01,-2.54E-06,1.00E+01
4.00E-01,-3.05E-06,1.00E+01
4.00E-01,-3.68E-06,1.00E+01
4.00E-01,-4.43E-06,1.00E+01
4.00E-01,-5.34E-06,1.00E+01
4.00E-01,-6.43E-06,1.00E+01
4.00E-01,-7.74E-06,1.00E+01
4.00E-01,-9.33E-06,1.00E+01
4.00E-01,-1.12E-05,1.00E+01
4.00E-01,-1.35E-05,1.00E+01
4.00E-01,-1.63E-05,1.00E+01
4.00E-01,-1.96E-05,1.00E+01
4.00E-01,-2.36E-05,1.00E+01
4.00E-01,-2.85E-05,1.00E+01
4.00E-01,-3.43E-05,1.00E+01
4.00E-01,-4.13E-05,1.00E+01
4.00E-01,-4.98E-05,1.00E+01
4.00E-01,-5.99E-05,1.00E+01
4.00E-01,-7.22E-05,1.00E+01
4.00E-01,-8.70E-05,1.00E+01
4.00E-01,-1.05E-04,1.00E+01
4.00E-01,-1.26E-04,1.00E+01
4.00E-01,-1.52E-04,1.00E+01
4.00E-01,-1.83E-04,1.00E+01
4.00E-01,-2.21E-04,1.00E+01
4.00E-01,-2.66E-04,1.00E+01
4.00E-01,-3.20E-04,1.00E+01
4.00E-01,-3.85E-04,1.00E+01
4.00E-01,-4.64E-04,1.00E+01
4.00E-01,-5.59E-04,9.99E+00
4.00E-01,-6.73E-04,9.99E+00
4.00E-01,-8.11E-04,9.99E+00
4.00E-01,-9.77E-04,9.99E+00
4.00E-01,-1.18E-03,9.99E+00
4.00E-01,-1.42E-03,9.99E+00
3.99E-01,-1.71E-03,9.98E+00
3.99E-01,-2.06E-03,9.98E+00
3.99E-01,-2.48E-03,9.98E+00
3.99E-01,-2.98E-03,9.97E+00
3.99E-01,-3.59E-03,9.96E+00
3.99E-01,-4.33E-03,9.96E+00
3.98E-01,-5.21E-03,9.95E+00
3.98E-01,-6.28E-03,9.94E+00
3.97E-01,-7.56E-03,9.92E+00
3.97E-01,-9.11E-03,9.91E+00
3.96E-01,-1.10E-02,9.89E+00
3.96E-01,-1.32E-02,9.87E+00
3.95E-01,-1.59E-02,9.84E+00
3.94E-01,-1.92E-02,9.81E+00
3.92E-01,-2.31E-02,9.77E+00
3.91E-01,-2.78E-02,9.73E+00
3.89E-01,-3.35E-02,9.67E+00
3.87E-01,-4.04E-02,9.60E+00
3.84E-01,-4.86E-02,9.53E+00
3.81E-01,-5.86E-02,9.43E+00
3.77E-01,-7.05E-02,9.32E+00
3.72E-01,-8.50E-02,9.19E+00
3.67E-01,-1.02E-01,9.03E+00
3.61E-01,-1.23E-01,8.84E+00
3.53E-01,-1.48E-01,8.62E+00
3.44E-01,-1.79E-01,8.36E+00
3.34E-01,-2.15E-01,8.06E+00
3.22E-01,-2.60E-01,7.71E+00
3.09E-01,-3.13E-01,7.32E+00
2.93E-01,-3.76E-01,6.86E+00
2.76E-01,-4.53E-01,6.35E+00
2.57E-01,-5.46E-01,5.79E+00
2.36E-01,-6.58E-01,5.18E+00
2.14E-01,-7.92E-01,4.53E+00
1.91E-01,-9.55E-01,3.85E+00
1.68E-01,-1.15E+00,3.17E+00
1.45E-01,-1.38E+00,2.50E+00
1.24E-01,-1.67E+00,1.89E+00
1.06E-01,-2.01E+00,1.34E+00
9.02E-02,-2.42E+00,8.89E-01
7.84E-02,-2.92E+00,5.42E-01
7.02E-02,-3.51E+00,2.99E-01
6.50E-02,-4.23E+00,1.46E-01
6.21E-02,-5.09E+00,6.13E-02
6.07E-02,-6.14E+00,2.16E-02
6.02E-02,-7.39E+00,6.17E-03
6.00E-02,-8.90E+00,1.36E-03
6.00E-02,-1.07E+01,2.20E-04
6.00E-02,-1.29E+01,2.46E-05
6.00E-02,-1.56E+01,1.75E-06
6.00E-02,-1.87E+01,7.28E-08
6.00E-02,-2.26E+01,1.58E-09
6.00E-02,-2.72E+01,1.56E-11
6.00E-02,-3.27E+01,6.01E-14
6.00E-02,-3.94E+01,7.42E-17
6.00E-02,-4.75E+01,2.33E-20
6.00E-02,-5.72E+01,1.41E-24
6.00E-02,-6.89E+01,1.16E-29
6.00E-02,-8.30E+01,8.79E-36
6.00E-02,-1.00E+02,3.72E-43
